[gd_scene load_steps=14 format=3 uid="uid://bphr4o5lqd8bk"]

[ext_resource type="PackedScene" uid="uid://c5056uasx8wna" path="res://Anthill/anthill.tscn" id="1_cindc"]
[ext_resource type="PackedScene" uid="uid://cx5uhblqsym7w" path="res://Anthill/AnthillUI.tscn" id="2_aj380"]
[ext_resource type="PackedScene" uid="uid://cw62dr70qqeeh" path="res://Worker/worker.tscn" id="2_flynq"]
[ext_resource type="PackedScene" uid="uid://mpj4r3rqtn1m" path="res://Trees/TreeUI.tscn" id="4_n6wix"]
[ext_resource type="PackedScene" uid="uid://dy2g4lfqc406l" path="res://Player/Player.tscn" id="5_1ka04"]
[ext_resource type="PackedScene" uid="uid://dydxsbjj2mirx" path="res://ground.tscn" id="5_my2hh"]
[ext_resource type="PackedScene" uid="uid://bw2l7f5x8gaee" path="res://Trees/Tree.tscn" id="6_0mw8x"]
[ext_resource type="PackedScene" uid="uid://cibe3m4xgf7wu" path="res://Player/TrailParticle.tscn" id="7_8bgau"]
[ext_resource type="PackedScene" uid="uid://bsl8d5okbeoxs" path="res://Leaf/LeafPickup.tscn" id="8_t344i"]
[ext_resource type="PackedScene" uid="uid://bvo58bbvt58xt" path="res://Trees/BigTree.tscn" id="9_u5sqt"]

[sub_resource type="ProceduralSkyMaterial" id="ProceduralSkyMaterial_ma6td"]
sky_top_color = Color(0.521569, 0.592157, 1, 1)
sky_horizon_color = Color(0.93, 0.93, 0.93, 1)
sky_curve = 0.0230839
ground_bottom_color = Color(0.584314, 0.752941, 1, 1)
ground_horizon_color = Color(0.584314, 0.752941, 1, 1)

[sub_resource type="Sky" id="Sky_bbue5"]
sky_material = SubResource("ProceduralSkyMaterial_ma6td")

[sub_resource type="Environment" id="Environment_54ehq"]
background_mode = 2
sky = SubResource("Sky_bbue5")
ambient_light_source = 3
ambient_light_color = Color(1, 1, 1, 1)
ambient_light_sky_contribution = 0.5
ambient_light_energy = 0.0

[node name="test node" type="Node3D"]

[node name="Anthill" parent="." instance=ExtResource("1_cindc")]
transform = Transform3D(1, 0, 0, 0, 1, 0, 0, 0, 1, 0, -0.258757, 0)
antScene = ExtResource("2_flynq")

[node name="Control" type="Control" parent="."]
layout_mode = 3
anchors_preset = 15
anchor_right = 1.0
anchor_bottom = 1.0
grow_horizontal = 2
grow_vertical = 2

[node name="AnthillUI" parent="Control" node_paths=PackedStringArray("anthill", "player") instance=ExtResource("2_aj380")]
layout_mode = 2
offset_left = 50.0
offset_top = 50.0
offset_right = 400.0
offset_bottom = 500.0
anthill = NodePath("../../Anthill")
player = NodePath("../../PlayerAnt")

[node name="TreeUI" parent="Control" node_paths=PackedStringArray("tree", "player") instance=ExtResource("4_n6wix")]
visible = false
layout_mode = 0
offset_left = 50.0
offset_top = 50.0
offset_right = 400.0
offset_bottom = 200.0
tree = NodePath("../../Tree")
player = NodePath("../../PlayerAnt")

[node name="AntMap" parent="." instance=ExtResource("5_my2hh")]
transform = Transform3D(2, 0, 0, 0, 2, 0, 0, 0, 2, 0, -5.18376, 0)

[node name="PlayerAnt" parent="." node_paths=PackedStringArray("anthill") instance=ExtResource("5_1ka04")]
anthill = NodePath("../Anthill")
trailParticle = ExtResource("7_8bgau")

[node name="DirectionalLight3D" type="DirectionalLight3D" parent="."]
transform = Transform3D(-0.0501769, -0.842849, 0.535806, 0.155517, 0.523345, 0.837809, -0.986558, 0.125365, 0.104817, 0, 0, 0)
light_energy = 1.5
shadow_enabled = true
shadow_blur = 1.565

[node name="WorldEnvironment" type="WorldEnvironment" parent="."]
environment = SubResource("Environment_54ehq")

[node name="Tree" parent="." instance=ExtResource("6_0mw8x")]
transform = Transform3D(-0.214667, 0, 0.976687, 0, 1, 0, -0.976687, 0, -0.214667, -4.00525, -2.7657, 50.5586)
MaxLeaves = 1000.0
RegenerationRate = 50.0

[node name="Tree2" parent="." instance=ExtResource("6_0mw8x")]
transform = Transform3D(-0.882915, 0, 0.469533, 0, 1, 0, -0.469533, 0, -0.882915, 70.572, -0.39378, -3.71347)
MaxLeaves = 1000.0
RegenerationRate = 50.0

[node name="Tree3" parent="." instance=ExtResource("6_0mw8x")]
transform = Transform3D(-0.160364, 0, 0.987058, 0, 1, 0, -0.987058, 0, -0.160364, -10.0252, 0.0746576, 12.8392)
MaxLeaves = 1000.0
RegenerationRate = 50.0

[node name="Tree4" parent="." instance=ExtResource("6_0mw8x")]
transform = Transform3D(-0.882915, 0, 0.469533, 0, 1, 0, -0.469533, 0, -0.882915, 18.8676, -0.393105, 10.6443)
MaxLeaves = 1000.0
RegenerationRate = 50.0

[node name="LeafPickup" parent="." instance=ExtResource("8_t344i")]
transform = Transform3D(1, 0, 0, 0, 1, 0, 0, 0, 1, -2.18962, -0.479389, -0.00427794)

[node name="LeafPickup2" parent="." instance=ExtResource("8_t344i")]
transform = Transform3D(1, 0, 0, 0, 1, 0, 0, 0, 1, -0.92781, -0.19153, -2.9635)

[node name="LeafPickup3" parent="." instance=ExtResource("8_t344i")]
transform = Transform3D(1, 0, 0, 0, 1, 0, 0, 0, 1, -4.05281, -0.906932, -2.00395)

[node name="BigTree" parent="." instance=ExtResource("9_u5sqt")]
transform = Transform3D(1, 0, 0, 0, 1, 0, 0, 0, 1, 26.596, -3.90134, 46.9098)

[node name="Tree5" parent="." instance=ExtResource("6_0mw8x")]
transform = Transform3D(1, 0, 0, 0, 1, 0, 0, 0, 1, 7.17101, -0.522283, -7.79472)

[node name="Tree6" parent="." instance=ExtResource("6_0mw8x")]
transform = Transform3D(0.152986, 0, -0.988228, 0, 1, 0, 0.988228, 0, 0.152986, 12.9076, 0.186533, 32.3994)

[node name="Tree7" parent="." instance=ExtResource("6_0mw8x")]
transform = Transform3D(1, 0, 0, 0, 1, 0, 0, 0, 1, 9.06145, 0.439632, 13.7399)

[node name="Tree8" parent="." instance=ExtResource("6_0mw8x")]
transform = Transform3D(1, 0, 0, 0, 1, 0, 0, 0, 1, 57.8333, -0.540496, 7.23633)

[node name="Tree9" parent="." instance=ExtResource("6_0mw8x")]
transform = Transform3D(1.5, 0, 0, 0, 1.5, 0, 0, 0, 1.5, -2.99896, -0.997096, -13.8504)
MaxLeaves = 1000.0

[node name="Tree10" parent="." instance=ExtResource("6_0mw8x")]
transform = Transform3D(1, 0, 0, 0, 1, 0, 0, 0, 1, 60.2257, -3.09047, 27.8323)

[node name="Tree11" parent="." instance=ExtResource("6_0mw8x")]
transform = Transform3D(-0.328306, 0, 0.944571, 0, 1, 0, -0.944571, 0, -0.328306, -9.74698, -0.724748, 2.35017)
RegenerationRate = 40.0

[node name="Tree12" parent="." instance=ExtResource("6_0mw8x")]
transform = Transform3D(1, 0, 0, 0, 1, 0, 0, 0, 1, -1.47128, 0.453104, 30.5277)

[node name="Tree13" parent="." instance=ExtResource("6_0mw8x")]
transform = Transform3D(1, 0, 0, 0, 1, 0, 0, 0, 1, 66.8923, -0.175146, -20.5073)

[node name="BigTree2" parent="." instance=ExtResource("9_u5sqt")]
transform = Transform3D(1, 0, 0, 0, 1, 0, 0, 0, 1, 41.649, -3.27444, -44.0502)

[node name="AudioStreamPlayer" type="AudioStreamPlayer" parent="."]
